open_list
((1, 6), 0)
1
('Chosen Node: ', (1, 6), 0)
-----------------------------------------------------------------
open_list
((0, 5), 18.69180601295413)
((0, 6), 18.029386365926403)
((0, 7), 17.401219466856727)
((1, 5), 17.97056274847714)
((2, 5), 17.278820596099706)
((2, 6), 16.556349186104043)
((2, 7), 15.866068747318506)
7
('Chosen Node: ', (2, 7), 15.866068747318506)
-----------------------------------------------------------------
open_list
((0, 5), 18.69180601295413)
((0, 6), 18.029386365926403)
((0, 7), 17.401219466856727)
((1, 5), 17.97056274847714)
((2, 5), 17.278820596099706)
((2, 6), 16.556349186104043)
((3, 6), 16.866068747318508)
((3, 7), 16.14213562373095)
8
('Chosen Node: ', (3, 7), 16.14213562373095)
-----------------------------------------------------------------
open_list
((0, 5), 18.69180601295413)
((0, 6), 18.029386365926403)
((0, 7), 17.401219466856727)
((1, 5), 17.97056274847714)
((2, 5), 17.278820596099706)
((2, 6), 16.556349186104043)
((3, 6), 16.866068747318508)
((4, 6), 17.212670403551897)
((4, 7), 16.45362404707371)
9
('Chosen Node: ', (4, 7), 16.45362404707371)
-----------------------------------------------------------------
open_list
((0, 5), 18.69180601295413)
((0, 6), 18.029386365926403)
((0, 7), 17.401219466856727)
((1, 5), 17.97056274847714)
((2, 5), 17.278820596099706)
((2, 6), 16.556349186104043)
((3, 6), 16.866068747318508)
((4, 6), 17.212670403551897)
((5, 6), 17.601470508735446)
((5, 7), 16.806248474865697)
((5, 8), 16.041594578792296)
11
('Chosen Node: ', (5, 8), 16.041594578792296)
-----------------------------------------------------------------
open_list
((0, 5), 18.69180601295413)
((0, 6), 18.029386365926403)
((0, 7), 17.401219466856727)
((1, 5), 17.97056274847714)
((2, 5), 17.278820596099706)
((2, 6), 16.556349186104043)
((3, 6), 16.866068747318508)
((4, 6), 17.212670403551897)
((5, 6), 17.601470508735446)
((5, 7), 16.806248474865697)
((4, 9), 17.041594578792296)
((5, 9), 16.31370849898476)
((6, 8), 16.40175425099138)
((6, 9), 15.63014581273465)
14
('Chosen Node: ', (6, 9), 15.63014581273465)
-----------------------------------------------------------------
open_list
((0, 5), 18.69180601295413)
((0, 6), 18.029386365926403)
((0, 7), 17.401219466856727)
((1, 5), 17.97056274847714)
((2, 5), 17.278820596099706)
((2, 6), 16.556349186104043)
((3, 6), 16.866068747318508)
((4, 6), 17.212670403551897)
((5, 6), 17.601470508735446)
((5, 7), 16.806248474865697)
((4, 9), 17.041594578792296)
((5, 9), 16.31370849898476)
((6, 8), 16.40175425099138)
((5, 10), 16.63014581273465)
((6, 10), 15.899494936611665)
((7, 9), 16.0)
((7, 10), 15.219544457292887)
17
('Chosen Node: ', (7, 10), 15.219544457292887)
-----------------------------------------------------------------
open_list
((0, 5), 18.69180601295413)
((0, 6), 18.029386365926403)
((0, 7), 17.401219466856727)
((1, 5), 17.97056274847714)
((2, 5), 17.278820596099706)
((2, 6), 16.556349186104043)
((3, 6), 16.866068747318508)
((4, 6), 17.212670403551897)
((5, 6), 17.601470508735446)
((5, 7), 16.806248474865697)
((4, 9), 17.041594578792296)
((5, 9), 16.31370849898476)
((6, 8), 16.40175425099138)
((5, 10), 16.63014581273465)
((6, 10), 15.899494936611665)
((7, 9), 16.0)
((6, 11), 16.219544457292887)
((7, 11), 15.48528137423857)
((8, 9), 16.4339811320566)
((8, 10), 15.602325267042627)
((8, 11), 14.810249675906654)
21
('Chosen Node: ', (8, 11), 14.810249675906654)
-----------------------------------------------------------------
open_list
((0, 5), 18.69180601295413)
((0, 6), 18.029386365926403)
((0, 7), 17.401219466856727)
((1, 5), 17.97056274847714)
((2, 5), 17.278820596099706)
((2, 6), 16.556349186104043)
((3, 6), 16.866068747318508)
((4, 6), 17.212670403551897)
((5, 6), 17.601470508735446)
((5, 7), 16.806248474865697)
((4, 9), 17.041594578792296)
((5, 9), 16.31370849898476)
((6, 8), 16.40175425099138)
((5, 10), 16.63014581273465)
((6, 10), 15.899494936611665)
((7, 9), 16.0)
((6, 11), 16.219544457292887)
((7, 11), 15.48528137423857)
((8, 9), 16.4339811320566)
((8, 10), 15.602325267042627)
((7, 12), 15.810249675906654)
((8, 12), 15.071067811865476)
((9, 10), 16.06225774829855)
((9, 11), 15.21110255092798)
((9, 12), 14.403124237432849)
25
('Chosen Node: ', (9, 12), 14.403124237432849)
-----------------------------------------------------------------
open_list
((0, 5), 18.69180601295413)
((0, 6), 18.029386365926403)
((0, 7), 17.401219466856727)
((1, 5), 17.97056274847714)
((2, 5), 17.278820596099706)
((2, 6), 16.556349186104043)
((3, 6), 16.866068747318508)
((4, 6), 17.212670403551897)
((5, 6), 17.601470508735446)
((5, 7), 16.806248474865697)
((4, 9), 17.041594578792296)
((5, 9), 16.31370849898476)
((6, 8), 16.40175425099138)
((5, 10), 16.63014581273465)
((6, 10), 15.899494936611665)
((7, 9), 16.0)
((6, 11), 16.219544457292887)
((7, 11), 15.48528137423857)
((8, 9), 16.4339811320566)
((8, 10), 15.602325267042627)
((7, 12), 15.810249675906654)
((8, 12), 15.071067811865476)
((9, 10), 16.06225774829855)
((9, 11), 15.21110255092798)
((8, 13), 15.403124237432849)
((9, 13), 14.65685424949238)
((10, 11), 15.70820393249937)
((10, 12), 14.8309518948453)
((10, 13), 14.0)
29
('Chosen Node: ', (10, 13), 14.0)
-----------------------------------------------------------------
open_list
((0, 5), 18.69180601295413)
((0, 6), 18.029386365926403)
((0, 7), 17.401219466856727)
((1, 5), 17.97056274847714)
((2, 5), 17.278820596099706)
((2, 6), 16.556349186104043)
((3, 6), 16.866068747318508)
((4, 6), 17.212670403551897)
((5, 6), 17.601470508735446)
((5, 7), 16.806248474865697)
((4, 9), 17.041594578792296)
((5, 9), 16.31370849898476)
((6, 8), 16.40175425099138)
((5, 10), 16.63014581273465)
((6, 10), 15.899494936611665)
((7, 9), 16.0)
((6, 11), 16.219544457292887)
((7, 11), 15.48528137423857)
((8, 9), 16.4339811320566)
((8, 10), 15.602325267042627)
((7, 12), 15.810249675906654)
((8, 12), 15.071067811865476)
((9, 10), 16.06225774829855)
((9, 11), 15.21110255092798)
((8, 13), 15.403124237432849)
((9, 13), 14.65685424949238)
((10, 11), 15.70820393249937)
((10, 12), 14.8309518948453)
((9, 14), 15.0)
((10, 14), 14.242640687119284)
((11, 12), 15.385164807134505)
((11, 13), 14.47213595499958)
((11, 14), 13.60555127546399)
33
('Chosen Node: ', (11, 14), 13.60555127546399)
-----------------------------------------------------------------
open_list
((0, 5), 18.69180601295413)
((0, 6), 18.029386365926403)
((0, 7), 17.401219466856727)
((1, 5), 17.97056274847714)
((2, 5), 17.278820596099706)
((2, 6), 16.556349186104043)
((3, 6), 16.866068747318508)
((4, 6), 17.212670403551897)
((5, 6), 17.601470508735446)
((5, 7), 16.806248474865697)
((4, 9), 17.041594578792296)
((5, 9), 16.31370849898476)
((6, 8), 16.40175425099138)
((5, 10), 16.63014581273465)
((6, 10), 15.899494936611665)
((7, 9), 16.0)
((6, 11), 16.219544457292887)
((7, 11), 15.48528137423857)
((8, 9), 16.4339811320566)
((8, 10), 15.602325267042627)
((7, 12), 15.810249675906654)
((8, 12), 15.071067811865476)
((9, 10), 16.06225774829855)
((9, 11), 15.21110255092798)
((8, 13), 15.403124237432849)
((9, 13), 14.65685424949238)
((10, 11), 15.70820393249937)
((10, 12), 14.8309518948453)
((9, 14), 15.0)
((10, 14), 14.242640687119284)
((11, 12), 15.385164807134505)
((11, 13), 14.47213595499958)
((12, 13), 15.123105625617661)
((12, 14), 14.16227766016838)
34
('Chosen Node: ', (12, 14), 14.16227766016838)
-----------------------------------------------------------------
open_list
((0, 5), 18.69180601295413)
((0, 6), 18.029386365926403)
((0, 7), 17.401219466856727)
((1, 5), 17.97056274847714)
((2, 5), 17.278820596099706)
((2, 6), 16.556349186104043)
((3, 6), 16.866068747318508)
((4, 6), 17.212670403551897)
((5, 6), 17.601470508735446)
((5, 7), 16.806248474865697)
((4, 9), 17.041594578792296)
((5, 9), 16.31370849898476)
((6, 8), 16.40175425099138)
((5, 10), 16.63014581273465)
((6, 10), 15.899494936611665)
((7, 9), 16.0)
((6, 11), 16.219544457292887)
((7, 11), 15.48528137423857)
((8, 9), 16.4339811320566)
((8, 10), 15.602325267042627)
((7, 12), 15.810249675906654)
((8, 12), 15.071067811865476)
((9, 10), 16.06225774829855)
((9, 11), 15.21110255092798)
((8, 13), 15.403124237432849)
((9, 13), 14.65685424949238)
((10, 11), 15.70820393249937)
((10, 12), 14.8309518948453)
((9, 14), 15.0)
((10, 14), 14.242640687119284)
((11, 12), 15.385164807134505)
((11, 13), 14.47213595499958)
((12, 13), 15.123105625617661)
((13, 13), 16.0)
((13, 14), 15.0)
((13, 15), 14.0)
36
('Chosen Node: ', (13, 15), 14.0)
-----------------------------------------------------------------
open_list
((0, 5), 18.69180601295413)
((0, 6), 18.029386365926403)
((0, 7), 17.401219466856727)
((1, 5), 17.97056274847714)
((2, 5), 17.278820596099706)
((2, 6), 16.556349186104043)
((3, 6), 16.866068747318508)
((4, 6), 17.212670403551897)
((5, 6), 17.601470508735446)
((5, 7), 16.806248474865697)
((4, 9), 17.041594578792296)
((5, 9), 16.31370849898476)
((6, 8), 16.40175425099138)
((5, 10), 16.63014581273465)
((6, 10), 15.899494936611665)
((7, 9), 16.0)
((6, 11), 16.219544457292887)
((7, 11), 15.48528137423857)
((8, 9), 16.4339811320566)
((8, 10), 15.602325267042627)
((7, 12), 15.810249675906654)
((8, 12), 15.071067811865476)
((9, 10), 16.06225774829855)
((9, 11), 15.21110255092798)
((8, 13), 15.403124237432849)
((9, 13), 14.65685424949238)
((10, 11), 15.70820393249937)
((10, 12), 14.8309518948453)
((9, 14), 15.0)
((10, 14), 14.242640687119284)
((11, 12), 15.385164807134505)
((11, 13), 14.47213595499958)
((12, 13), 15.123105625617661)
((13, 13), 16.0)
((13, 14), 15.0)
((13, 16), 14.0)
((14, 14), 16.162277660168378)
((14, 15), 15.23606797749979)
((14, 16), 14.414213562373096)
39
('Chosen Node: ', (13, 16), 14.0)
-----------------------------------------------------------------
open_list
((0, 5), 18.69180601295413)
((0, 6), 18.029386365926403)
((0, 7), 17.401219466856727)
((1, 5), 17.97056274847714)
((2, 5), 17.278820596099706)
((2, 6), 16.556349186104043)
((3, 6), 16.866068747318508)
((4, 6), 17.212670403551897)
((5, 6), 17.601470508735446)
((5, 7), 16.806248474865697)
((4, 9), 17.041594578792296)
((5, 9), 16.31370849898476)
((6, 8), 16.40175425099138)
((5, 10), 16.63014581273465)
((6, 10), 15.899494936611665)
((7, 9), 16.0)
((6, 11), 16.219544457292887)
((7, 11), 15.48528137423857)
((8, 9), 16.4339811320566)
((8, 10), 15.602325267042627)
((7, 12), 15.810249675906654)
((8, 12), 15.071067811865476)
((9, 10), 16.06225774829855)
((9, 11), 15.21110255092798)
((8, 13), 15.403124237432849)
((9, 13), 14.65685424949238)
((10, 11), 15.70820393249937)
((10, 12), 14.8309518948453)
((9, 14), 15.0)
((10, 14), 14.242640687119284)
((11, 12), 15.385164807134505)
((11, 13), 14.47213595499958)
((12, 13), 15.123105625617661)
((13, 13), 16.0)
((13, 14), 15.0)
((14, 14), 16.162277660168378)
((14, 15), 15.23606797749979)
((14, 16), 14.414213562373096)
((12, 17), 15.0)
((13, 17), 14.0)
((14, 17), 15.0)
41
-----------------------------------------------------------------
Path:
[(-8, -2), (-7, -1), (-6, -1), (-5, -1), (-4, 0), (-3, 1), (-2, 2), (-1, 3), (0, 4), (1, 5), (2, 6), (3, 6), (4, 7), (4, 8), (4, 9)]
